20160114_0.avi 1 424 358 129 130
20160114_0.avi 11 453 357 134 133
20160114_0.avi 23 457 340 132 133
20160114_0.avi 53 355 488 134 110
20160114_0.avi 84 332 236 125 119
20160114_0.avi 114 362 304 117 119
20160114_0.avi 144 343 334 118 120
20160114_0.avi 181 360 410 119 120
20160114_0.avi 241 516 376 127 124
20160114_0.avi 281 366 482 131 116
20160114_0.avi 350 123 342 127 123
20160114_0.avi 415 172 265 123 121
20160114_0.avi 556 12 191 153 130
20160114_0.avi 597 339 101 127 128
20160114_0.avi 655 357 238 124 123
20160114_0.avi 688 335 278 121 122
20160114_0.avi 746 334 396 124 129
20160114_0.avi 830 289 370 128 133
20160114_0.avi 894 112 370 143 141
20160114_0.avi 6 442 358 129 131
20160114_0.avi 26 449 348 132 133
20160114_0.avi 37 405 508 136 90
20160114_0.avi 80 318 280 121 117
20160114_0.avi 90 416 200 123 120
20160114_0.avi 92 427 199 121 122
20160114_0.avi 94 415 212 122 124
20160114_0.avi 97 388 224 121 122
20160114_0.avi 103 372 262 119 123
20160114_0.avi 115 361 306 118 119
20160114_0.avi 152 378 321 117 117
20160114_0.avi 205 410 398 121 123
20160114_0.avi 227 548 378 128 125
20160114_0.avi 248 494 412 123 121
20160114_0.avi 259 429 408 118 120
20160114_0.avi 281 366 482 131 116
20160114_0.avi 295 317 522 124 76
20160114_0.avi 347 128 378 128 123
20160114_0.avi 373 201 323 120 120
20160114_0.avi 407 182 272 121 121
20160114_0.avi 432 208 306 120 122
20160114_0.avi 447 222 415 119 124
20160114_0.avi 549 1 276 133 136
20160114_0.avi 565 119 108 138 135
20160114_0.avi 581 285 98 128 130
20160114_0.avi 633 378 148 126 127
20160114_0.avi 678 331 285 121 120
20160114_0.avi 730 370 322 121 123
20160114_0.avi 750 330 403 124 132
20160114_0.avi 828 280 388 131 135
20160114_0.avi 870 121 373 141 142
